#Layer_Color=32768
#
#Feature symbol names
#
$0 r10
$1 r3.937
$2 r1.9685
$3 r7.874

#
#Feature attribute names
#

#
#Layer features
#
L 2.11 0.927 2.11 4.327 0 P 0
L 2.11 0.927 4.41 0.927 0 P 0
L 2.11 4.327 4.41 4.327 0 P 0
L 2.1461417 2.2331496 2.1461417 3.93 0 P 0
L 2.1461417 2.2331496 2.4138583 2.2331496 0 P 0
L 2.1461417 3.93 2.4138583 3.93 0 P 0
L 2.1464567 1.0423622 2.1464567 1.4065354 0 P 0
L 2.1464567 1.0423622 2.6090551 1.0423622 0 P 0
L 2.1464567 1.4065354 2.6090551 1.4065354 0 P 0
L 2.1464567 1.4323622 2.1464567 1.7965354 0 P 0
L 2.1464567 1.4323622 2.6090551 1.4323622 0 P 0
L 2.1464567 1.7965354 2.6090551 1.7965354 0 P 0
L 2.4138583 2.2331496 2.4138583 3.93 0 P 0
L 2.600426 1.8322771 2.600426 1.8952771 1 P 0
L 2.600426 1.8322771 2.733426 1.8322771 1 P 0
L 2.600426 1.8952771 2.733426 1.8952771 1 P 0
L 2.600426 1.9122771 2.600426 1.9752771 1 P 0
L 2.600426 1.9122771 2.733426 1.9122771 1 P 0
L 2.600426 1.9752771 2.733426 1.9752771 1 P 0
L 2.6004291 2.0251747 2.6004291 2.0881747 1 P 0
L 2.6004291 2.0251747 2.7334291 2.0251747 1 P 0
L 2.6004291 2.0881747 2.7334291 2.0881747 1 P 0
L 2.6004291 2.1051747 2.6004291 2.1681747 1 P 0
L 2.6004291 2.1051747 2.7334291 2.1051747 1 P 0
L 2.6004291 2.1681747 2.7334291 2.1681747 1 P 0
L 2.6090551 1.0423622 2.6090551 1.4065354 0 P 0
L 2.6090551 1.4323622 2.6090551 1.7965354 0 P 0
L 2.6482252 1.8637771 2.6856268 1.8637771 1 P 0
L 2.6482252 1.9437771 2.6856268 1.9437771 1 P 0
L 2.6482283 2.0566747 2.6856299 2.0566747 1 P 0
L 2.6482283 2.1366747 2.6856299 2.1366747 1 P 0
L 2.666926 1.8450763 2.666926 1.8824778 1 P 0
L 2.666926 1.9250763 2.666926 1.9624778 1 P 0
L 2.6669291 2.0379739 2.6669291 2.0753754 1 P 0
L 2.6669291 2.1179739 2.6669291 2.1553754 1 P 0
L 2.733426 1.8322771 2.733426 1.8952771 1 P 0
L 2.733426 1.9122771 2.733426 1.9752771 1 P 0
L 2.7334291 2.0251747 2.7334291 2.0881747 1 P 0
L 2.7334291 2.1051747 2.7334291 2.1681747 1 P 0
L 2.7527496 1.8335032 2.7527496 1.9665032 1 P 0
L 2.7527496 1.8335032 2.8157496 1.8335032 1 P 0
L 2.7527496 1.9665032 2.8157496 1.9665032 1 P 0
L 2.7559055 1.0433071 2.7559055 1.7519685 0 P 0
L 2.7559055 1.0433071 3.5433071 1.0433071 0 P 0
L 2.7559055 1.7519685 3.5433071 1.7519685 0 P 0
L 2.7655488 1.9000032 2.8029503 1.9000032 1 P 0
L 2.7842496 1.8813024 2.7842496 1.918704 1 P 0
L 2.8 2.63 2.8 3.83 3 P 0
L 2.8 2.63 2.9 2.63 3 P 0
L 2.8 3.83 2.9 3.83 3 P 0
L 2.8157496 1.8335032 2.8157496 1.9665032 1 P 0
L 2.8327496 1.8335032 2.8327496 1.9665032 1 P 0
L 2.8327496 1.8335032 2.8957496 1.8335032 1 P 0
L 2.8327496 1.9665032 2.8957496 1.9665032 1 P 0
L 2.8455488 1.9000032 2.8829503 1.9000032 1 P 0
L 2.8642496 1.8813024 2.8642496 1.918704 1 P 0
L 2.8957496 1.8335032 2.8957496 1.9665032 1 P 0
L 2.9 2.63 2.9 3.83 3 P 0
L 2.9127496 1.8335032 2.9127496 1.9665032 1 P 0
L 2.9127496 1.8335032 2.9757496 1.8335032 1 P 0
L 2.9127496 1.9665032 2.9757496 1.9665032 1 P 0
L 2.9255488 1.9000032 2.9629503 1.9000032 1 P 0
L 2.9442496 1.8813024 2.9442496 1.918704 1 P 0
L 2.9757496 1.8335032 2.9757496 1.9665032 1 P 0
L 2.9777496 1.7685032 2.9777496 1.8315032 1 P 0
L 2.9777496 1.7685032 3.1107496 1.7685032 1 P 0
L 2.9777496 1.8315032 3.1107496 1.8315032 1 P 0
L 2.9777496 2.1285032 2.9777496 2.1915032 1 P 0
L 2.9777496 2.1285032 3.1107496 2.1285032 1 P 0
L 2.9777496 2.1915032 3.1107496 2.1915032 1 P 0
L 2.9954307 1.8431528 2.9954307 2.1108694 2 P 0
L 2.9954307 1.8431528 3.2001551 1.8431528 2 P 0
L 2.9954307 2.1108694 3.2001551 2.1108694 2 P 0
L 3.0255488 1.8000032 3.0629504 1.8000032 1 P 0
L 3.0255488 2.1600032 3.0629504 2.1600032 1 P 0
L 3.0442496 1.7813024 3.0442496 1.8187039 1 P 0
L 3.0442496 2.1413024 3.0442496 2.1787039 1 P 0
L 3.0781079 1.9770111 3.1174779 1.9770111 1 P 0
L 3.0935 3.4635 3.0935 3.5965 1 P 0
L 3.0935 3.4635 3.1565 3.4635 1 P 0
L 3.0935 3.5965 3.1565 3.5965 1 P 0
L 3.0977929 1.957326 3.0977929 1.9966961 1 P 0
L 3.1062992 3.53 3.1437007 3.53 1 P 0
L 3.1107496 1.7685032 3.1107496 1.8315032 1 P 0
L 3.1107496 2.1285032 3.1107496 2.1915032 1 P 0
L 3.1177496 1.7685032 3.1177496 1.8315032 1 P 0
L 3.1177496 1.7685032 3.2507496 1.7685032 1 P 0
L 3.1177496 1.8315032 3.2507496 1.8315032 1 P 0
L 3.1177496 2.1285032 3.1177496 2.1915032 1 P 0
L 3.1177496 2.1285032 3.2507496 2.1285032 1 P 0
L 3.1177496 2.1915032 3.2507496 2.1915032 1 P 0
L 3.125 3.5112992 3.125 3.5487008 1 P 0
L 3.1565 3.4635 3.1565 3.5965 1 P 0
L 3.1655488 1.8000032 3.2029504 1.8000032 1 P 0
L 3.1655488 2.1600032 3.2029504 2.1600032 1 P 0
L 3.1842496 1.7813025 3.1842496 1.818704 1 P 0
L 3.1842496 2.1413025 3.1842496 2.178704 1 P 0
L 3.1935 3.4635 3.1935 3.5965 1 P 0
L 3.1935 3.4635 3.2565 3.4635 1 P 0
L 3.1935 3.5965 3.2565 3.5965 1 P 0
L 3.2001551 1.8431528 3.2001551 2.1108694 2 P 0
L 3.2062992 3.53 3.2437007 3.53 1 P 0
L 3.2127496 1.8335032 3.2127496 1.9665032 1 P 0
L 3.2127496 1.8335032 3.2757496 1.8335032 1 P 0
L 3.2127496 1.9665032 3.2757496 1.9665032 1 P 0
L 3.2127496 1.9935032 3.2127496 2.1265032 1 P 0
L 3.2127496 1.9935032 3.2757496 1.9935032 1 P 0
L 3.2127496 2.1265032 3.2757496 2.1265032 1 P 0
L 3.225 3.5112992 3.225 3.5487008 1 P 0
L 3.2255488 1.9000032 3.2629503 1.9000032 1 P 0
L 3.2255488 2.0600032 3.2629503 2.0600032 1 P 0
L 3.2442496 1.8813024 3.2442496 1.918704 1 P 0
L 3.2442496 2.0413024 3.2442496 2.078704 1 P 0
L 3.2507496 1.7685032 3.2507496 1.8315032 1 P 0
L 3.2507496 2.1285032 3.2507496 2.1915032 1 P 0
L 3.2565 3.4635 3.2565 3.5965 1 P 0
L 3.2757496 1.8335032 3.2757496 1.9665032 1 P 0
L 3.2757496 1.9935032 3.2757496 2.1265032 1 P 0
L 3.2935 3.4635 3.2935 3.5965 1 P 0
L 3.2935 3.4635 3.3565 3.4635 1 P 0
L 3.2935 3.5965 3.3565 3.5965 1 P 0
L 3.3062992 3.53 3.3437007 3.53 1 P 0
L 3.325 3.5112992 3.325 3.5487008 1 P 0
L 3.3327496 1.8335032 3.3327496 1.9665032 1 P 0
L 3.3327496 1.8335032 3.3957496 1.8335032 1 P 0
L 3.3327496 1.9665032 3.3957496 1.9665032 1 P 0
L 3.3327496 1.9935032 3.3327496 2.1265032 1 P 0
L 3.3327496 1.9935032 3.3957496 1.9935032 1 P 0
L 3.3327496 2.1265032 3.3957496 2.1265032 1 P 0
L 3.3455488 1.9000032 3.3829503 1.9000032 1 P 0
L 3.3455489 2.0600032 3.3829504 2.0600032 1 P 0
L 3.3565 3.4635 3.3565 3.5965 1 P 0
L 3.3642496 1.8813024 3.3642496 1.918704 1 P 0
L 3.3642496 2.0413024 3.3642496 2.078704 1 P 0
L 3.3935 3.4635 3.3935 3.5965 1 P 0
L 3.3935 3.4635 3.4565 3.4635 1 P 0
L 3.3935 3.5965 3.4565 3.5965 1 P 0
L 3.3957496 1.8335032 3.3957496 1.9665032 1 P 0
L 3.3957496 1.9935032 3.3957496 2.1265032 1 P 0
L 3.4062992 3.53 3.4437007 3.53 1 P 0
L 3.425 3.5112992 3.425 3.5487008 1 P 0
L 3.4565 3.4635 3.4565 3.5965 1 P 0
L 3.4724016 1.9170079 3.4724016 2.0429921 1 P 0
L 3.4724016 1.9170079 3.6074016 1.9170079 1 P 0
L 3.4724016 2.0429921 3.6074016 2.0429921 1 P 0
L 3.4735 1.8285 3.4735 1.8915 1 P 0
L 3.4735 1.8285 3.6065 1.8285 1 P 0
L 3.4735 1.8915 3.6065 1.8915 1 P 0
L 3.5 2.63 3.5 3.83 3 P 0
L 3.5 2.63 3.6 2.63 3 P 0
L 3.5 3.83 3.6 3.83 3 P 0
L 3.5212992 1.86 3.5587008 1.86 1 P 0
L 3.53 1.98 3.55 1.98 1 P 0
L 3.54 1.8412992 3.54 1.8787007 1 P 0
L 3.54 1.97 3.54 1.99 1 P 0
L 3.5433071 1.0433071 3.5433071 1.7519685 0 P 0
L 3.5826772 1.0433071 3.5826772 1.7519685 0 P 0
L 3.5826772 1.0433071 4.3700788 1.0433071 0 P 0
L 3.5826772 1.7519685 4.3700788 1.7519685 0 P 0
L 3.6 2.63 3.6 3.83 3 P 0
L 3.6065 1.8285 3.6065 1.8915 1 P 0
L 3.6074016 1.9170079 3.6074016 2.0429921 1 P 0
L 3.6185 2.3035 3.6185 2.4365 1 P 0
L 3.6185 2.3035 3.6815 2.3035 1 P 0
L 3.6185 2.4365 3.6815 2.4365 1 P 0
L 3.6185 2.4535 3.6185 2.5865 1 P 0
L 3.6185 2.4535 3.6815 2.4535 1 P 0
L 3.6185 2.5865 3.6815 2.5865 1 P 0
L 3.6312992 2.37 3.6687007 2.37 1 P 0
L 3.6312992 2.52 3.6687007 2.52 1 P 0
L 3.65 2.3512992 3.65 2.3887008 1 P 0
L 3.65 2.5012992 3.65 2.5387008 1 P 0
L 3.6685 1.8335 3.6685 1.9665 1 P 0
L 3.6685 1.8335 3.7315 1.8335 1 P 0
L 3.6685 1.9665 3.7315 1.9665 1 P 0
L 3.6812992 1.9 3.7187007 1.9 1 P 0
L 3.6815 2.3035 3.6815 2.4365 1 P 0
L 3.6815 2.4535 3.6815 2.5865 1 P 0
L 3.7 1.8812992 3.7 1.9187008 1 P 0
L 3.7315 1.8335 3.7315 1.9665 1 P 0
L 3.7485 1.8335 3.7485 1.9665 1 P 0
L 3.7485 1.8335 3.8115 1.8335 1 P 0
L 3.7485 1.9665 3.8115 1.9665 1 P 0
L 3.7612992 1.9 3.7987007 1.9 1 P 0
L 3.78 1.8812992 3.78 1.9187008 1 P 0
L 3.8115 1.8335 3.8115 1.9665 1 P 0
L 3.8285 1.8335 3.8285 1.9665 1 P 0
L 3.8285 1.8335 3.8915 1.8335 1 P 0
L 3.8285 1.9665 3.8915 1.9665 1 P 0
L 3.8412992 1.9 3.8787007 1.9 1 P 0
L 3.86 1.8812992 3.86 1.9187008 1 P 0
L 3.8915 1.8335 3.8915 1.9665 1 P 0
L 3.8935 1.7685 3.8935 1.8315 1 P 0
L 3.8935 1.7685 4.0265 1.7685 1 P 0
L 3.8935 1.8315 4.0265 1.8315 1 P 0
L 3.8935 2.1285 3.8935 2.1915 1 P 0
L 3.8935 2.1285 4.0265 2.1285 1 P 0
L 3.8935 2.1915 4.0265 2.1915 1 P 0
L 3.9176378 1.8431497 3.9176378 2.1108663 2 P 0
L 3.9176378 1.8431497 4.1223622 1.8431497 2 P 0
L 3.9176378 2.1108663 4.1223622 2.1108663 2 P 0
L 3.9412992 1.8 3.9787008 1.8 1 P 0
L 3.9412992 2.16 3.9787008 2.16 1 P 0
L 3.96 1.7812992 3.96 1.8187007 1 P 0
L 3.96 2.1412992 3.96 2.1787007 1 P 0
L 4.000315 1.977008 4.039685 1.977008 1 P 0
L 4.02 1.9573229 4.02 1.996693 1 P 0
L 4.0265 1.7685 4.0265 1.8315 1 P 0
L 4.0265 2.1285 4.0265 2.1915 1 P 0
L 4.0335 1.7685 4.0335 1.8315 1 P 0
L 4.0335 1.7685 4.1665 1.7685 1 P 0
L 4.0335 1.8315 4.1665 1.8315 1 P 0
L 4.0335 2.1285 4.0335 2.1915 1 P 0
L 4.0335 2.1285 4.1665 2.1285 1 P 0
L 4.0335 2.1915 4.1665 2.1915 1 P 0
L 4.0761417 2.23 4.0761417 3.9268504 0 P 0
L 4.0761417 2.23 4.3438583 2.23 0 P 0
L 4.0761417 3.9268504 4.3438583 3.9268504 0 P 0
L 4.0812992 1.8 4.1187008 1.8 1 P 0
L 4.0812992 2.16 4.1187008 2.16 1 P 0
L 4.1 1.7812993 4.1 1.8187008 1 P 0
L 4.1 2.1412993 4.1 2.1787008 1 P 0
L 4.1223622 1.8431497 4.1223622 2.1108663 2 P 0
L 4.1285 1.8335 4.1285 1.9665 1 P 0
L 4.1285 1.8335 4.1915 1.8335 1 P 0
L 4.1285 1.9665 4.1915 1.9665 1 P 0
L 4.1285 1.9935 4.1285 2.1265 1 P 0
L 4.1285 1.9935 4.1915 1.9935 1 P 0
L 4.1285 2.1265 4.1915 2.1265 1 P 0
L 4.1412992 1.9 4.1787007 1.9 1 P 0
L 4.1412992 2.06 4.1787007 2.06 1 P 0
L 4.16 1.8812992 4.16 1.9187008 1 P 0
L 4.16 2.0412992 4.16 2.0787008 1 P 0
L 4.1665 1.7685 4.1665 1.8315 1 P 0
L 4.1665 2.1285 4.1665 2.1915 1 P 0
L 4.1915 1.8335 4.1915 1.9665 1 P 0
L 4.1915 1.9935 4.1915 2.1265 1 P 0
L 4.2485 1.8335 4.2485 1.9665 1 P 0
L 4.2485 1.8335 4.3115 1.8335 1 P 0
L 4.2485 1.9665 4.3115 1.9665 1 P 0
L 4.2485 1.9935 4.2485 2.1265 1 P 0
L 4.2485 1.9935 4.3115 1.9935 1 P 0
L 4.2485 2.1265 4.3115 2.1265 1 P 0
L 4.2612992 1.9 4.2987007 1.9 1 P 0
L 4.2612993 2.06 4.2987008 2.06 1 P 0
L 4.28 1.8812992 4.28 1.9187008 1 P 0
L 4.28 2.0412992 4.28 2.0787008 1 P 0
L 4.3115 1.8335 4.3115 1.9665 1 P 0
L 4.3115 1.9935 4.3115 2.1265 1 P 0
L 4.3438583 2.23 4.3438583 3.9268504 0 P 0
L 4.3700788 1.0433071 4.3700788 1.7519685 0 P 0
L 4.41 0.932 4.41 4.327 0 P 0
